0.000000e+00 0.000000e+00
1.000000e-03 0.000000e+00
2.000000e-03 4.443755e-06
3.000000e-03 2.005663e-03
4.000000e-03 3.751218e-02
5.000000e-03 2.015583e-01
6.000000e-03 5.879736e-01
7.000000e-03 1.218672e+00
8.000000e-03 2.049325e+00
9.000000e-03 3.006786e+00
1.000000e-02 4.018303e+00
1.100000e-02 5.025189e+00
1.200000e-02 5.985980e+00
1.300000e-02 6.874604e+00
1.400000e-02 7.676967e+00
1.500000e-02 8.387542e+00
1.600000e-02 9.006535e+00
1.700000e-02 9.537756e+00
1.800000e-02 9.987094e+00
1.900000e-02 1.036148e+01
2.000000e-02 1.066820e+01
2.100000e-02 1.091445e+01
2.200000e-02 1.110711e+01
2.300000e-02 1.125255e+01
2.400000e-02 1.135663e+01
2.500000e-02 1.142461e+01
2.600000e-02 1.146122e+01
2.700000e-02 1.147064e+01
2.800000e-02 1.145660e+01
2.900000e-02 1.142236e+01
3.000000e-02 1.137079e+01
3.100000e-02 1.130443e+01
3.200000e-02 1.122546e+01
3.300000e-02 1.113581e+01
3.400000e-02 1.103716e+01
3.500000e-02 1.093097e+01
3.600000e-02 1.081852e+01
3.700000e-02 1.070089e+01
3.800000e-02 1.057907e+01
3.900000e-02 1.045387e+01
4.000000e-02 1.032602e+01
4.100000e-02 1.019614e+01
4.200000e-02 1.006478e+01
4.300000e-02 9.932400e+00
4.400000e-02 9.799405e+00
4.500000e-02 9.666140e+00
4.600000e-02 9.532904e+00
4.700000e-02 9.399953e+00
4.800000e-02 9.267507e+00
4.900000e-02 9.135752e+00
5.000000e-02 9.004847e+00
5.100000e-02 8.874928e+00
5.200000e-02 8.746108e+00
5.300000e-02 8.618483e+00
5.400000e-02 8.492133e+00
5.500000e-02 8.367123e+00
5.600000e-02 8.243508e+00
5.700000e-02 8.121331e+00
5.800000e-02 8.000626e+00
5.900000e-02 7.881421e+00
6.000000e-02 7.763736e+00
6.100000e-02 7.647584e+00
6.200000e-02 7.532975e+00
6.300000e-02 7.419914e+00
6.400000e-02 7.308402e+00
6.500000e-02 7.198438e+00
6.600000e-02 7.090015e+00
6.700000e-02 6.983128e+00
6.800000e-02 6.877768e+00
6.900000e-02 6.773923e+00
7.000000e-02 6.671581e+00
7.100000e-02 6.570729e+00
7.200000e-02 6.471352e+00
7.300000e-02 6.373436e+00
7.400000e-02 6.276964e+00
7.500000e-02 6.181919e+00
7.600000e-02 6.088286e+00
7.700000e-02 5.996046e+00
7.800000e-02 5.905182e+00
7.900000e-02 5.815676e+00
8.000000e-02 5.727511e+00
8.100000e-02 5.640668e+00
8.200000e-02 5.555130e+00
8.300000e-02 5.470877e+00
8.400000e-02 5.387894e+00
8.500000e-02 5.306160e+00
8.600000e-02 5.225660e+00
8.700000e-02 5.146374e+00
8.800000e-02 5.068287e+00
8.900000e-02 4.991379e+00
9.000000e-02 4.915634e+00
9.100000e-02 4.841035e+00
9.200000e-02 4.767565e+00
9.300000e-02 4.695207e+00
9.400000e-02 4.623945e+00
9.500000e-02 4.553763e+00
9.600000e-02 4.484644e+00
9.700000e-02 4.416572e+00
9.800000e-02 4.349533e+00
9.900000e-02 4.283510e+00
1.000000e-01 4.218488e+00
1.010000e-01 4.154452e+00
1.020000e-01 4.091387e+00
1.030000e-01 4.029279e+00
1.040000e-01 3.968113e+00
1.050000e-01 3.907875e+00
1.060000e-01 3.848552e+00
1.070000e-01 3.790128e+00
1.080000e-01 3.732591e+00
1.090000e-01 3.675927e+00
1.100000e-01 3.620123e+00
1.110000e-01 3.565166e+00
1.120000e-01 3.511043e+00
1.130000e-01 3.457741e+00
1.140000e-01 3.405249e+00
1.150000e-01 3.353553e+00
1.160000e-01 3.302642e+00
1.170000e-01 3.252504e+00
1.180000e-01 3.203127e+00
1.190000e-01 3.154499e+00
1.200000e-01 3.106610e+00
1.210000e-01 3.059447e+00
1.220000e-01 3.013001e+00
1.230000e-01 2.967259e+00
1.240000e-01 2.922212e+00
1.250000e-01 2.877849e+00
1.260000e-01 2.834159e+00
1.270000e-01 2.791133e+00
1.280000e-01 2.748760e+00
1.290000e-01 2.707029e+00
1.300000e-01 2.665933e+00
1.310000e-01 2.625460e+00
1.320000e-01 2.585602e+00
1.330000e-01 2.546349e+00
1.340000e-01 2.507692e+00
1.350000e-01 2.469621e+00
1.360000e-01 2.432129e+00
1.370000e-01 2.395205e+00
1.380000e-01 2.358843e+00
1.390000e-01 2.323032e+00
1.400000e-01 2.287765e+00
1.410000e-01 2.253033e+00
1.420000e-01 2.218829e+00
1.430000e-01 2.185144e+00
1.440000e-01 2.151970e+00
1.450000e-01 2.119300e+00
1.460000e-01 2.087126e+00
1.470000e-01 2.055441e+00
1.480000e-01 2.024236e+00
1.490000e-01 1.993505e+00
1.500000e-01 1.963241e+00
1.510000e-01 1.933436e+00
1.520000e-01 1.904083e+00
1.530000e-01 1.875177e+00
1.540000e-01 1.846709e+00
1.550000e-01 1.818673e+00
1.560000e-01 1.791063e+00
1.570000e-01 1.763872e+00
1.580000e-01 1.737094e+00
1.590000e-01 1.710722e+00
1.600000e-01 1.684751e+00
1.610000e-01 1.659174e+00
1.620000e-01 1.633985e+00
1.630000e-01 1.609179e+00
1.640000e-01 1.584749e+00
1.650000e-01 1.560690e+00
1.660000e-01 1.536997e+00
1.670000e-01 1.513663e+00
1.680000e-01 1.490683e+00
1.690000e-01 1.468052e+00
1.700000e-01 1.445765e+00
1.710000e-01 1.423816e+00
1.720000e-01 1.402201e+00
1.730000e-01 1.380913e+00
1.740000e-01 1.359949e+00
1.750000e-01 1.339303e+00
1.760000e-01 1.318970e+00
1.770000e-01 1.298946e+00
1.780000e-01 1.279227e+00
1.790000e-01 1.259806e+00
1.800000e-01 1.240680e+00
1.810000e-01 1.221845e+00
1.820000e-01 1.203296e+00
1.830000e-01 1.185028e+00
1.840000e-01 1.167037e+00
1.850000e-01 1.149320e+00
1.860000e-01 1.131872e+00
1.870000e-01 1.114688e+00
1.880000e-01 1.097765e+00
1.890000e-01 1.081100e+00
1.900000e-01 1.064687e+00
1.910000e-01 1.048524e+00
1.920000e-01 1.032605e+00
1.930000e-01 1.016929e+00
1.940000e-01 1.001490e+00
1.950000e-01 9.862864e-01
1.960000e-01 9.713131e-01
1.970000e-01 9.565671e-01
1.980000e-01 9.420450e-01
1.990000e-01 9.277434e-01
2.000000e-01 9.136589e-01
2.010000e-01 8.997882e-01
2.020000e-01 8.861281e-01
2.030000e-01 8.726754e-01
2.040000e-01 8.594269e-01
2.050000e-01 8.463795e-01
2.060000e-01 8.335302e-01
2.070000e-01 8.208760e-01
2.080000e-01 8.084139e-01
2.090000e-01 7.961410e-01
2.100000e-01 7.840544e-01
2.110000e-01 7.721513e-01
2.120000e-01 7.604289e-01
2.130000e-01 7.488845e-01
2.140000e-01 7.375153e-01
2.150000e-01 7.263187e-01
2.160000e-01 7.152921e-01
2.170000e-01 7.044329e-01
2.180000e-01 6.937386e-01
2.190000e-01 6.832066e-01
2.200000e-01 6.728346e-01
2.210000e-01 6.626199e-01
2.220000e-01 6.525604e-01
2.230000e-01 6.426536e-01
2.240000e-01 6.328971e-01
2.250000e-01 6.232888e-01
2.260000e-01 6.138264e-01
2.270000e-01 6.045076e-01
2.280000e-01 5.953303e-01
2.290000e-01 5.862923e-01
2.300000e-01 5.773915e-01
2.310000e-01 5.686258e-01
2.320000e-01 5.599933e-01
2.330000e-01 5.514917e-01
2.340000e-01 5.431193e-01
2.350000e-01 5.348739e-01
2.360000e-01 5.267538e-01
2.370000e-01 5.187569e-01
2.380000e-01 5.108814e-01
2.390000e-01 5.031254e-01
2.400000e-01 4.954873e-01
2.410000e-01 4.879650e-01
2.420000e-01 4.805570e-01
2.430000e-01 4.732614e-01
2.440000e-01 4.660766e-01
2.450000e-01 4.590009e-01
2.460000e-01 4.520326e-01
2.470000e-01 4.451701e-01
2.480000e-01 4.384117e-01
2.490000e-01 4.317560e-01
2.500000e-01 4.252013e-01
2.510000e-01 4.187461e-01
2.520000e-01 4.123889e-01
2.530000e-01 4.061283e-01
2.540000e-01 3.999626e-01
2.550000e-01 3.938906e-01
2.560000e-01 3.879108e-01
2.570000e-01 3.820217e-01
2.580000e-01 3.762221e-01
2.590000e-01 3.705105e-01
2.600000e-01 3.648856e-01
2.610000e-01 3.593461e-01
2.620000e-01 3.538907e-01
2.630000e-01 3.485181e-01
2.640000e-01 3.432271e-01
2.650000e-01 3.380164e-01
2.660000e-01 3.328848e-01
2.670000e-01 3.278311e-01
2.680000e-01 3.228541e-01
2.690000e-01 3.179527e-01
2.700000e-01 3.131258e-01
2.710000e-01 3.083720e-01
2.720000e-01 3.036905e-01
2.730000e-01 2.990800e-01
2.740000e-01 2.945396e-01
2.750000e-01 2.900680e-01
2.760000e-01 2.856644e-01
2.770000e-01 2.813275e-01
2.780000e-01 2.770566e-01
2.790000e-01 2.728505e-01
2.800000e-01 2.687082e-01
2.810000e-01 2.646288e-01
2.820000e-01 2.606113e-01
2.830000e-01 2.566549e-01
2.840000e-01 2.527585e-01
2.850000e-01 2.489212e-01
2.860000e-01 2.451422e-01
2.870000e-01 2.414206e-01
2.880000e-01 2.377555e-01
2.890000e-01 2.341460e-01
2.900000e-01 2.305913e-01
2.910000e-01 2.270906e-01
2.920000e-01 2.236431e-01
2.930000e-01 2.202478e-01
2.940000e-01 2.169041e-01
2.950000e-01 2.136112e-01
2.960000e-01 2.103683e-01
2.970000e-01 2.071746e-01
2.980000e-01 2.040294e-01
2.990000e-01 2.009319e-01
3.000000e-01 1.978815e-01
3.010000e-01 1.948773e-01
3.020000e-01 1.919188e-01
3.030000e-01 1.890052e-01
3.040000e-01 1.861358e-01
3.050000e-01 1.833100e-01
3.060000e-01 1.805271e-01
3.070000e-01 1.777864e-01
3.080000e-01 1.750874e-01
3.090000e-01 1.724293e-01
3.100000e-01 1.698115e-01
3.110000e-01 1.672335e-01
3.120000e-01 1.646947e-01
3.130000e-01 1.621944e-01
3.140000e-01 1.597320e-01
3.150000e-01 1.573071e-01
3.160000e-01 1.549189e-01
3.170000e-01 1.525670e-01
3.180000e-01 1.502508e-01
3.190000e-01 1.479698e-01
3.200000e-01 1.457234e-01
3.210000e-01 1.435111e-01
3.220000e-01 1.413324e-01
3.230000e-01 1.391868e-01
3.240000e-01 1.370737e-01
3.250000e-01 1.349927e-01
3.260000e-01 1.329433e-01
3.270000e-01 1.309251e-01
3.280000e-01 1.289374e-01
3.290000e-01 1.269800e-01
3.300000e-01 1.250522e-01
3.310000e-01 1.231537e-01
3.320000e-01 1.212841e-01
3.330000e-01 1.194428e-01
3.340000e-01 1.176295e-01
3.350000e-01 1.158437e-01
3.360000e-01 1.140850e-01
3.370000e-01 1.123531e-01
3.380000e-01 1.106474e-01
3.390000e-01 1.089676e-01
3.400000e-01 1.073133e-01
3.410000e-01 1.056841e-01
3.420000e-01 1.040797e-01
3.430000e-01 1.024996e-01
3.440000e-01 1.009435e-01
3.450000e-01 9.941102e-02
3.460000e-01 9.790182e-02
3.470000e-01 9.641552e-02
3.480000e-01 9.495180e-02
3.490000e-01 9.351029e-02
3.500000e-01 9.209066e-02
3.510000e-01 9.069259e-02
3.520000e-01 8.931574e-02
3.530000e-01 8.795980e-02
3.540000e-01 8.662444e-02
3.550000e-01 8.530935e-02
3.560000e-01 8.401423e-02
3.570000e-01 8.273877e-02
3.580000e-01 8.148268e-02
3.590000e-01 8.024565e-02
3.600000e-01 7.902740e-02
3.610000e-01 7.782765e-02
3.620000e-01 7.664611e-02
3.630000e-01 7.548251e-02
3.640000e-01 7.433657e-02
3.650000e-01 7.320804e-02
3.660000e-01 7.209663e-02
3.670000e-01 7.100210e-02
3.680000e-01 6.992418e-02
3.690000e-01 6.886263e-02
3.700000e-01 6.781719e-02
3.710000e-01 6.678763e-02
3.720000e-01 6.577369e-02
3.730000e-01 6.477515e-02
3.740000e-01 6.379177e-02
3.750000e-01 6.282332e-02
3.760000e-01 6.186957e-02
3.770000e-01 6.093029e-02
3.780000e-01 6.000528e-02
3.790000e-01 5.909431e-02
3.800000e-01 5.819718e-02
3.810000e-01 5.731366e-02
3.820000e-01 5.644355e-02
3.830000e-01 5.558665e-02
3.840000e-01 5.474277e-02
3.850000e-01 5.391169e-02
3.860000e-01 5.309323e-02
3.870000e-01 5.228720e-02
3.880000e-01 5.149340e-02
3.890000e-01 5.071166e-02
3.900000e-01 4.994178e-02
3.910000e-01 4.918359e-02
3.920000e-01 4.843691e-02
3.930000e-01 4.770157e-02
3.940000e-01 4.697739e-02
3.950000e-01 4.626420e-02
3.960000e-01 4.556184e-02
3.970000e-01 4.487015e-02
3.980000e-01 4.418895e-02
3.990000e-01 4.351810e-02
4.000000e-01 4.285743e-02
4.010000e-01 4.220679e-02
4.020000e-01 4.156603e-02
4.030000e-01 4.093499e-02
4.040000e-01 4.031354e-02
4.050000e-01 3.970152e-02
4.060000e-01 3.909879e-02
4.070000e-01 3.850522e-02
4.080000e-01 3.792065e-02
4.090000e-01 3.734496e-02
4.100000e-01 3.677801e-02
4.110000e-01 3.621966e-02
4.120000e-01 3.566980e-02
4.130000e-01 3.512828e-02
4.140000e-01 3.459498e-02
4.150000e-01 3.406977e-02
4.160000e-01 3.355254e-02
4.170000e-01 3.304317e-02
4.180000e-01 3.254152e-02
4.190000e-01 3.204750e-02
4.200000e-01 3.156097e-02
4.210000e-01 3.108183e-02
4.220000e-01 3.060996e-02
4.230000e-01 3.014525e-02
4.240000e-01 2.968760e-02
4.250000e-01 2.923690e-02
4.260000e-01 2.879304e-02
4.270000e-01 2.835592e-02
4.280000e-01 2.792544e-02
4.290000e-01 2.750149e-02
4.300000e-01 2.708398e-02
4.310000e-01 2.667280e-02
4.320000e-01 2.626787e-02
4.330000e-01 2.586908e-02
4.340000e-01 2.547635e-02
4.350000e-01 2.508958e-02
4.360000e-01 2.470869e-02
4.370000e-01 2.433357e-02
4.380000e-01 2.396415e-02
4.390000e-01 2.360034e-02
4.400000e-01 2.324205e-02
4.410000e-01 2.288921e-02
4.420000e-01 2.254171e-02
4.430000e-01 2.219950e-02
4.440000e-01 2.186248e-02
4.450000e-01 2.153057e-02
4.460000e-01 2.120371e-02
4.470000e-01 2.088180e-02
4.480000e-01 2.056479e-02
4.490000e-01 2.025258e-02
4.500000e-01 1.994512e-02
4.510000e-01 1.964232e-02
4.520000e-01 1.934412e-02
4.530000e-01 1.905045e-02
4.540000e-01 1.876124e-02
4.550000e-01 1.847641e-02
4.560000e-01 1.819591e-02
4.570000e-01 1.791967e-02
4.580000e-01 1.764763e-02
4.590000e-01 1.737971e-02
4.600000e-01 1.711586e-02
4.610000e-01 1.685602e-02
4.620000e-01 1.660012e-02
4.630000e-01 1.634810e-02
4.640000e-01 1.609991e-02
4.650000e-01 1.585549e-02
4.660000e-01 1.561478e-02
4.670000e-01 1.537773e-02
4.680000e-01 1.514427e-02
4.690000e-01 1.491436e-02
4.700000e-01 1.468794e-02
4.710000e-01 1.446495e-02
4.720000e-01 1.424535e-02
4.730000e-01 1.402909e-02
4.740000e-01 1.381611e-02
4.750000e-01 1.360636e-02
4.760000e-01 1.339979e-02
4.770000e-01 1.319636e-02
4.780000e-01 1.299602e-02
4.790000e-01 1.279872e-02
4.800000e-01 1.260442e-02
4.810000e-01 1.241307e-02
4.820000e-01 1.222462e-02
4.830000e-01 1.203903e-02
4.840000e-01 1.185626e-02
4.850000e-01 1.167627e-02
4.860000e-01 1.149900e-02
4.870000e-01 1.132443e-02
4.880000e-01 1.115251e-02
4.890000e-01 1.098320e-02
4.900000e-01 1.081646e-02
4.910000e-01 1.065225e-02
4.920000e-01 1.049053e-02
4.930000e-01 1.033127e-02
4.940000e-01 1.017442e-02
4.950000e-01 1.001996e-02
4.960000e-01 9.867844e-03
4.970000e-01 9.718036e-03
4.980000e-01 9.570502e-03
4.990000e-01 9.425207e-03
5.000000e-01 9.282119e-03
