0.000000000000000000e+00
2.390467119005336963e-35
-1.217338038258485571e-33
2.834001675526858801e-32
-3.954717003079827685e-31
3.627489284606616898e-30
-2.232401813711727257e-29
8.742210119803756658e-29
-1.622575759642871498e-28
-2.596779654149436133e-28
2.198897267872863762e-27
-2.883387605134191436e-27
-1.194381771070346265e-26
3.814898591715075517e-26
4.261167252093042906e-26
-2.885901976788191267e-25
-1.167136198894198533e-25
1.812551822111465761e-24
4.480068697427902913e-25
-1.035757880739386974e-23
-4.382580639259021051e-24
5.424909612846204545e-23
4.665361712634698070e-23
-2.498991938015812563e-22
-3.924113565790349307e-22
9.165980276528265258e-22
2.600688405283225990e-21
-1.892773994522463129e-21
-1.355021778799935295e-20
-5.602948654178783427e-21
5.251566672956462643e-20
8.390464611788100013e-20
-1.183101847412789903e-19
-4.903296436568695047e-19
-1.565145805035337895e-19
1.728833850601266006e-18
2.975656779731492876e-18
-2.427261463894265944e-18
-1.469757348353460333e-17
-1.264066019887790508e-17
3.469489705101581203e-17
9.863123138374217132e-17
3.050753573832801819e-17
-2.969812921459003667e-16
-5.826539832711838973e-16
6.252058334705669956e-17
2.063147009354077293e-15
3.240443546163880654e-15
-1.288608562967623838e-15
-1.269835483306086399e-14
-1.778885600479448204e-14
9.168569490685659655e-15
7.170577848537440924e-14
9.873312998822777573e-14
-4.267865673521760942e-14
-3.749325645250164589e-13
-5.517068772465407468e-13
1.015372983140037824e-13
1.798252093245306870e-12
3.024608209458381108e-12
4.685582889370822198e-13
-7.686053539587587350e-12
-1.571611428230814254e-11
-8.282478620006420177e-12
2.746009411627998793e-11
7.463051526392382486e-11
6.840461454437024175e-11
-6.782134856136454029e-11
-3.104713522580227265e-10
-4.208376224719704406e-10
-1.045341630955963060e-11
1.056770521227785736e-09
2.078829353780474044e-09
1.394754882068034861e-09
-2.446190459776123349e-09
-8.218373669047005252e-09
-1.013967944818699020e-08
-5.520278331409145619e-11
2.415351461497211786e-08
4.771250915350038684e-08
3.742394040259926519e-08
-3.702863723132738491e-08
-1.594536283521221512e-07
-2.312420850299149713e-07
-9.790975360407184169e-08
3.235333322817335900e-07
8.594723298433879368e-07
9.966722828671709007e-07
1.108378828285488339e-07
-1.927736123230149910e-06
-4.071309134002592537e-06
-4.024869578206777437e-06
5.157138111398092573e-07
9.372492477301353330e-06
1.759096178812073999e-05
1.593950067944703694e-05
-3.714214661587012127e-06
-3.915974614713674782e-05
-7.049422509415862370e-05
-6.351205717377512495e-05
1.026023368814878288e-05
1.419179794146157377e-04
2.618095624280322069e-04
2.523206645057261030e-04
1.345762583146206909e-05
-4.363826622306914236e-04
-8.853938247867816766e-04
-9.611342561740301126e-04
-3.192661088552984348e-04
1.059666146898097976e-03
2.631731299252951413e-03
3.334200592816133259e-03
2.054716319452672482e-03
-1.574677658257990021e-03
-6.459301595201383597e-03
-9.965015322377333840e-03
-8.884527765723475648e-03
-1.312486652095779362e-03
1.140500093886972002e-02
2.392401473032850986e-02
2.840236843515071136e-02
1.825201162098008187e-02
-7.305780217127162170e-03
-4.040218597730079603e-02
-6.576285088538101620e-02
-6.669677757588711453e-02
-3.385048438540617932e-02
2.747777365701190369e-02
9.597604985854840676e-02
1.411351118500973334e-01
1.363607393133729473e-01
7.263064919185834023e-02
-3.435360255568592480e-02
-1.480990905049525685e-01
-2.255527248055987921e-01
-2.353177610688074184e-01
-1.710201311798453805e-01
-5.318536973425767866e-02
8.104993099336330054e-02
1.946125678770776191e-01
2.645802599838549263e-01
2.867127658376251720e-01
2.694646979836333167e-01
2.228313148913955155e-01
1.500650494258397860e-01
4.772227517601466268e-02
-8.657025431275004734e-02
-2.447274584900545058e-01
-4.045080759757578304e-01
-5.349445996548249926e-01
-6.080356815400146386e-01
-6.094526676669600462e-01
-5.416000276925632129e-01
-4.175395387644958434e-01
-2.504429437763866506e-01
-4.607184283118231916e-02
1.966757895008729162e-01
4.780838435758972271e-01
7.889278771778540644e-01
1.107598980700354563e+00
1.405590153394040254e+00
1.657786526933279214e+00
1.850527106308181180e+00
1.982093609265869638e+00
2.055858431545398712e+00
2.071649935707967405e+00
2.022030622487802631e+00
1.896324480070960439e+00
1.689298892387029571e+00
1.407866653950133440e+00
1.070667720790340338e+00
7.007505043519043353e-01
3.167120864040595674e-01
-7.132010311356669352e-02
-4.583146407822082380e-01
-8.367346919603696476e-01
-1.191076088183747217e+00
-1.499168025212011868e+00
-1.739559210292464186e+00
-1.899583116492356893e+00
-1.978194007294078238e+00
-1.981740240077858095e+00
-1.916280652108011795e+00
-1.782602468826601116e+00
-1.577803389263004341e+00
-1.302007700891813169e+00
-9.646854703768905637e-01
-5.853520283165688509e-01
-1.878566671798101717e-01
2.075159100369804999e-01
5.882828079733043447e-01
9.475058888131583368e-01
1.277417728329508506e+00
1.564541730608907999e+00
1.790617722085279695e+00
1.938898695158815633e+00
2.001029290284409790e+00
1.979241462885663383e+00
1.882350452104235572e+00
1.718948599754188233e+00
1.493308170790331069e+00
1.207145945159173284e+00
8.655297806419222084e-01
4.817945258248201856e-01
7.713499435411970417e-02
-3.251350711925076187e-01
-7.063748463450074677e-01
-1.055401535044318440e+00
-1.365548739418140256e+00
-1.628959192788167254e+00
-1.833258724581205978e+00
-1.963688912379092821e+00
-2.009194729098155108e+00
-1.967657937209846608e+00
-1.846140866720780149e+00
-1.656065037767319170e+00
-1.407320427415904129e+00
-1.106032920246216911e+00
-7.575459567421024554e-01
-3.717627116408803167e-01
3.399025873102908685e-02
4.373581941433114517e-01
8.170365714361120801e-01
1.157940099730884187e+00
1.451680842657164128e+00
1.692498552688083358e+00
1.872527028064921106e+00
1.980726217249769716e+00
2.006626815654350970e+00
1.945919073982592229e+00
1.803319628237063377e+00
1.590381714801899493e+00
1.320071911968633493e+00
1.002523451693662748e+00
6.452452391745284732e-01
2.572082924411978611e-01
-1.470832355436005323e-01
-5.474199635012391152e-01
-9.222052022502791324e-01
-1.254081489707551622e+00
-1.532612524117139552e+00
-1.752271290535634352e+00
-1.907917383435189462e+00
-1.991975766076983234e+00
-1.995964206211699121e+00
-1.915220340735844573e+00
-1.752888825800548611e+00
-1.519799302286717113e+00
-1.230283422162897322e+00
-8.973226508969177617e-01
-5.308574475012247662e-01
-1.402836551578175162e-01
2.614687090124586111e-01
6.562399302993157102e-01
1.023249386238511915e+00
1.344252487952328101e+00
1.607326215119205592e+00
1.806541993207581687e+00
1.938268095433895999e+00
1.997640712314073808e+00
1.978476487122687422e+00
1.876831066203365816e+00
1.695190752001748846e+00
1.443673102796975805e+00
1.137108187128753611e+00
7.903128615769660081e-01
4.153048966919050122e-01
2.242667734815476446e-02
-3.760828584714061562e-01
-7.636539007161345927e-01
-1.120681550922128622e+00
-1.428915202022433162e+00
-1.675635004012914875e+00
-1.854487140439629478e+00
-1.962696819775148649e+00
-1.997421982243239746e+00
-1.954633746135838512e+00
-1.831602128127824303e+00
-1.630846763620583006e+00
-1.362068243779384069e+00
-1.040251015345641239e+00
-6.813540865510235855e-01
-2.989876039535830365e-01
9.548354185556737206e-02
4.900066227753894221e-01
8.691498163847135583e-01
1.214499134167545513e+00
1.508285439436443109e+00
1.737562050824541737e+00
1.895758329763280292e+00
1.980674486761559772e+00
1.990995168000879056e+00
1.924570764155324243e+00
1.780051437316863661e+00
1.560432270716728409e+00
1.275320178000607374e+00
9.397729317387569781e-01
5.704639652092423630e-01
1.821595234790751305e-01
-2.128726045811389356e-01
-6.025256364553143174e-01
